300 3
85 4.9229817 -7.2183666 2.4113717
82 4.7132635 -7.3819046 2.5013583
80 4.347764 -7.155657 2.3826613
83 4.669884 -7.176131 2.4505026
81 5.0212975 -7.6084204 2.5121965
75 1.6296287 -7.908294 2.4887595
78 2.2137985 -7.4285393 2.3806055
77 2.4439359 -7.6669188 2.461988
96 8.794028 -1.2707566 1.2701391
6 8.593988 1.8748478 0.5328714
74 2.5951767 -7.9881225 2.6428008
79 3.9264815 -7.217462 2.3747678
72 0.15105304 -9.091824 2.8111162
21 1.096559 9.9108095 -0.7382472
27 -0.4643385 8.656345 -0.74967015
29 -1.9825144 9.089333 -0.65567714
91 7.1826215 -3.6809945 1.570394
73 1.0631481 -8.19355 2.63928
90 6.411621 -4.0394692 1.6611612
86 6.752261 -5.908393 2.2583797
64 -3.7020395 -8.599691 2.8499057
71 -1.4410994 -9.002896 2.8674164
100 10.229384 0.5414889 1.0995406
97 9.28233 0.14620869 1.0598805
70 0.23088634 -7.965079 2.5161686
56 -7.3213215 -4.6657023 1.9304891
76 2.2887328 -7.0076776 2.2539103
25 1.2895542 9.733488 -0.74640745
99 9.859535 0.39653394 1.1413215
8 9.020801 4.9521165 0.23885635
69 -2.1539097 -8.762531 2.92651
28 -0.05521603 9.132154 -0.67954814
32 -3.3010848 8.032035 -0.54608315
5 8.088069 4.0023947 0.25789693
63 -4.7342653 -7.00051 2.2807815
68 -3.345389 -9.238355 3.0669882
16 4.088815 8.488993 -0.7362698
84 6.0032883 -5.70702 2.0384912
19 3.6387947 8.55306 -0.68555015
2 10.354478 0.48224315 1.2524757
62 -5.722296 -6.8603506 2.4578326
1 9.594634 1.5447098 0.9150548
59 -6.302815 -6.9440026 2.5739083
95 8.851727 -0.75250995 1.1663405
67 -2.1153202 -7.734778 2.3682895
65 -3.5836592 -8.143931 2.6539865
26 0.6296965 9.17866 -0.7254886
89 6.8413696 -5.313708 2.0618942
11 5.856545 6.087035 -0.27228728
45 -8.332579 3.9639828 0.3938514
4 9.050786 1.8356549 0.67342
34 -4.4277015 9.010148 -0.48444355
12 7.4960623 8.277491 -0.34871686
17 4.168249 8.266834 -0.53514004
23 1.6929334 9.171043 -0.6805727
92 6.985955 -2.697425 1.3336445
66 -3.2024424 -8.115063 2.724324
36 -4.1126547 7.8024783 -0.35648227
43 -9.225316 4.2175584 0.6106854
93 7.152552 -2.7019358 1.3298657
18 4.644767 7.378766 -0.47426194
31 -1.5350097 9.205732 -0.719331
58 -6.4551325 -6.625214 2.481514
88 6.203412 -5.5686746 2.1099787
61 -7.0954576 -7.24642 2.834585
20 4.480485 8.597137 -0.51152605
44 -8.542021 4.948419 0.3158057
60 -6.5205693 -6.231915 2.4207585
9 6.8778014 4.7102284 -0.018484665
39 -6.8027344 5.2438035 0.039938435
40 -6.1896477 6.448127 -0.1329628
35 -4.123845 7.4259577 -0.3429036
24 0.8389691 10.306267 -0.70587575
42 -7.114419 3.8085804 0.22467306
7 7.7342815 4.113972 0.20096897
87 5.6597896 -5.09441 1.9339919
98 9.301595 -0.030091738 1.1248074
47 -7.603356 3.2273068 0.38626334
57 -8.412398 -3.990316 2.029296
46 -8.650981 3.3363924 0.5690474
3 8.891042 1.0604652 0.85306585
51 -8.811223 -0.39577287 0.95933485
10 6.862777 6.175762 -0.10468319
37 -5.629941 6.4087996 -0.209272
22 0.6804022 9.426409 -0.6525085
48 -9.646875 2.6709995 0.7551302
33 -3.8914838 7.16737 -0.3719285
50 -8.854325 0.9409082 0.9269034
54 -7.9064507 -3.867895 1.9499117
15 5.067967 6.1628976 -0.3067658
55 -8.314716 -4.46762 2.073012
94 7.5147896 -0.9082485 0.9500221
52 -7.476239 -1.0151823 0.9073431
14 6.645952 7.0345216 -0.120221466
41 -7.2915683 5.115675 0.09409468
13 6.11979 6.743066 -0.15876414
38 -6.0491447 6.383543 -0.17496087
53 -8.664144 -3.4768221 2.0635052
30 -1.2715069 7.733599 -0.54253423
49 -7.73803 1.0155421 0.90236187
126 -2.229652 6.2929726 -0.28397822
131 -3.8499448 6.1657 0.013373332
151 -8.641384 -0.7880236 1.5042499
181 -0.1982998 -1.5454569 0.9961948
127 -2.1947293 5.516699 -0.17615698
128 -2.934236 6.0907164 -0.027154861
125 -1.4535053 5.629719 -0.18595135
123 -1.1912868 5.232616 -0.14347242
153 -8.553169 -1.4760693 1.619872
142 -8.170083 1.8665787 0.9529615
190 2.4416423 0.051676843 0.59840196
144 -7.897845 1.3973594 0.99401647
185 0.37679997 -0.8076244 0.800408
129 -2.312371 5.461817 -0.12119197
157 -6.7777014 -2.9162765 1.7337141
159 -6.38163 -2.5041285 1.5369552
177 -0.60678095 -1.6168966 1.0175647
193 2.8614476 -0.07283553 0.70947653
152 -7.669386 -1.0527118 1.5304133
194 3.382014 0.4017433 0.5866074
122 -0.2835248 4.4615836 -0.014424431
186 0.94128346 -0.9521944 0.7112427
156 -6.374339 -2.4281228 1.4582353
178 -0.44540554 -2.1215475 0.96776724
184 0.28044978 -0.6498577 0.7209163
133 -3.399501 3.6068885 0.122782886
192 2.3530993 0.6050955 0.59865826
180 -0.4545956 -1.2591467 0.95759296
147 -6.760235 1.2869691 0.94826686
141 -5.700756 2.4403656 0.4191407
132 -3.1900065 4.182387 0.06468149
182 -0.031162081 -0.8052848 0.8271029
124 -0.39619005 4.452493 -0.040785078
130 -3.1488369 4.2857947 0.10205758
134 -3.2028346 3.7038414 0.16571854
183 0.11393807 -0.8659434 0.8212769
135 -3.8211412 4.1110706 0.23876214
146 -6.16167 1.0274385 0.80418265
168 -2.9000163 -2.4341261 1.1797361
155 -5.9066496 -1.0574504 1.2468946
118 0.3358456 3.8148944 0.018496338
143 -6.2444134 1.0129073 0.88131535
158 -5.664292 -1.6907538 1.2166412
188 1.5337499 -0.21597642 0.58047026
150 -6.2624264 -0.5734802 1.1597228
148 -6.546451 0.5572031 0.94818306
169 -2.3829513 -2.2675514 1.1122843
104 3.785609 0.885828 0.46587253
149 -5.9859643 -0.6911411 1.1593269
145 -6.3320003 1.0988623 0.9582698
138 -4.463579 2.4480343 0.39862013
176 -1.1544966 -1.3902886 0.86720467
154 -6.594388 -1.3316766 1.4147769
117 0.19928683 3.8377423 0.11632999
140 -5.09885 2.4056025 0.44643
139 -4.9317026 2.2669723 0.39479953
136 -3.1770058 3.219148 0.2519539
195 3.336622 0.71028584 0.5802733
115 1.2117215 3.3877463 -0.07083899
160 -4.850808 -1.565859 1.2359656
179 -0.789978 -1.6161526 0.90732163
109 2.1916378 2.0223482 0.379512
173 -1.4926397 -1.6062018 1.0066639
170 -2.3318245 -1.5666871 0.9888811
116 1.2131158 2.6985967 0.13402623
137 -3.9753108 3.3660882 0.23191933
111 1.9128665 2.1028547 0.30551448
196 3.0576742 0.703855 0.5887227
187 0.3820822 -0.33414567 0.73028874
171 -2.3028023 -1.9107933 1.1213088
197 3.5988412 0.4386948 0.66709924
121 -0.4808857 3.4750597 0.12659425
102 3.1001 1.1586382 0.38364938
120 0.4128941 3.115832 0.078529775
106 2.6844928 1.5568457 0.35995418
114 1.3948892 2.6367798 0.04930932
107 2.8831697 1.8199526 0.23295572
174 -0.4532287 -1.556863 0.8240497
167 -2.3153336 -1.6427555 1.0926061
172 -1.5158722 -1.2629184 0.9220977
191 1.9825788 0.3854451 0.6078006
166 -2.4530308 -2.0358696 1.030302
119 0.39809224 3.0170033 -0.13372025
189 0.35162243 0.10636812 0.68281263
112 1.3049585 1.9410242 0.42611104
113 1.3668323 2.1369693 0.18454355
226 -0.57770264 2.4726262 0.16551314
108 1.7388062 1.7828059 0.34386066
101 2.8109 0.59596795 0.37781465
110 1.5766906 1.4730601 0.37465835
200 2.7224882 0.58348036 0.40286446
175 -0.3626009 -1.365808 0.7627352
198 2.245954 1.1052965 0.6090424
199 2.681017 0.8790331 0.35091096
293 1.0548948 0.4579693 0.4129476
162 -2.7673378 -1.4295826 1.0402498
103 2.4417734 0.7594575 0.50548184
165 -1.9447635 -1.3226752 0.9294063
282 0.061422575 -0.50110745 0.61885446
228 -1.159762 2.4716902 -0.020857416
278 -0.41455755 -1.0289335 0.7518429
164 -2.2348926 -0.94857657 0.69019854
105 1.8170984 1.0083886 0.5551054
283 0.053890266 -0.36470717 0.5566545
218 0.45523173 2.2795618 0.15179372
163 -2.193001 -1.020536 0.8815717
230 -1.040913 2.2128391 0.19567034
280 -0.06446573 -0.2770645 0.5754644
161 -2.334454 -0.8355693 0.7854218
289 0.4094386 -0.10613269 0.56182885
209 0.7041392 1.5632735 0.38916525
216 0.4827408 1.3428322 0.27232367
290 0.25423425 -0.018623874 0.69638747
222 -0.2780134 1.677471 0.20923008
291 0.6288557 0.15056841 0.5845495
208 0.8310316 0.59706706 0.36492702
281 -0.37931466 -0.44880208 0.7051818
300 0.93002087 0.39710906 0.5426573
204 0.80958 0.6202955 0.4285869
275 -0.67068887 -0.6794403 0.7299015
284 -0.44352823 -0.2681213 0.79272574
265 -1.44207 -0.7218185 0.71767485
273 -0.9594332 -0.6294987 0.76332146
207 0.6611729 1.0652078 0.39270332
223 -0.6686941 1.5893921 0.33838364
232 -1.6298119 1.3270608 0.37917346
288 -0.08340995 0.32390365 0.59643924
210 -0.052369848 0.94069517 0.30625737
277 -0.44025728 -0.5355147 0.79031795
279 -1.04909 -0.53349215 0.7931577
241 -1.9295052 1.0278037 0.14301935
262 -1.5041357 -0.4837189 0.6981918
286 -0.045735415 -0.1317994 0.60165197
229 -0.81823957 1.5008622 0.26438615
272 -0.4927 -0.117101945 0.5574253
260 -1.6806781 -0.40830714 0.43016443
285 -0.35719636 -0.122280255 0.61677593
299 0.6009676 0.6819709 0.4337962
274 -0.81993943 0.009827118 0.65120137
295 0.03795643 0.36138976 0.57332045
235 -1.1896894 1.0556562 0.41116527
271 -0.99915165 -0.530849 0.8174264
227 -0.7739296 1.4388818 0.3740694
211 0.7173751 0.62149984 0.41717905
202 0.5734063 0.40200475 0.5137789
236 -1.3218516 0.6518922 0.41422743
276 -0.46788356 -0.5759525 0.6322551
231 -0.93754107 1.1076736 0.39055255
205 0.2923034 0.645754 0.5701653
263 -1.4551669 -0.12803987 0.5625202
233 -1.072319 1.105407 0.38610372
219 -0.22093925 0.7411793 0.53586745
297 0.4796077 0.71157295 0.35113305
220 -0.3454702 1.4754975 0.26262578
206 0.85174793 0.8709755 0.33299094
225 -0.3067195 0.589179 0.49332616
215 0.19418572 0.9014547 0.21619493
213 0.1498509 1.1320198 0.49893284
292 0.020012092 0.19287975 0.53910923
234 -1.2955991 0.91218996 0.37244567
201 0.006903179 0.45054978 0.28638265
214 0.19959086 0.8096904 0.4551779
294 0.42029536 0.47315884 0.548133
264 -1.2600601 -0.052754 0.646138
270 -1.2921588 0.267138 0.5511077
212 0.08673249 0.7953614 0.5817295
237 -0.6329817 0.6467458 0.5913453
224 -0.094381705 0.9967699 0.52284396
238 -1.0054166 0.76066 0.20851922
259 -1.5494862 -0.25511336 0.622416
240 -0.88644403 0.588367 0.4373269
287 -0.19912122 0.34521928 0.4945222
203 0.017808998 0.48322544 0.4690713
296 0.17693406 0.52909493 0.60122436
221 -0.07644271 0.76887304 0.38146144
255 -1.1439623 0.120210685 0.6478779
269 -0.5154926 -0.46665096 0.66462505
245 -1.1389254 0.43074256 0.73156625
217 -0.23710088 0.82102764 0.49151662
254 -1.0233036 0.28561053 0.3414853
298 0.21426323 0.5923734 0.4879132
267 -0.8774402 -0.15080068 0.5814465
253 -1.2264016 0.40849677 0.51355636
261 -1.2167699 -0.20504697 0.40632376
257 -1.012167 -0.16274379 0.62209076
248 -1.0495422 0.34191027 0.5801739
239 -0.72999763 0.5176483 0.26349917
258 -1.2505355 0.4026633 0.5739607
268 -0.89667624 -0.29400215 0.38219383
249 -1.1301688 -0.054091156 0.18409309
252 -1.2550012 0.27443138 0.5312806
243 -0.5658596 0.105723865 0.14648363
247 -0.9518575 -0.005502919 0.44252455
251 -1.0027937 0.094257936 0.61148185
244 -0.7911015 0.09384426 0.4056766
250 -0.91304713 0.2662592 0.4757582
242 -0.95979583 0.45368695 0.5642206
246 -0.96112204 0.25859493 0.32285142
256 -0.37385058 0.31683004 0.38679218
266 -0.37767813 0.33383912 0.26048997
