300 4
85 -3.4968877 0.3259288 -6.978843 2.5965137
82 -4.6772428 0.14163834 -7.454936 3.0082672
80 -4.089036 0.32289618 -6.924102 2.6548967
83 -3.713885 0.26131895 -7.2165203 2.722193
81 -3.5059333 0.19530673 -7.2059355 2.7155204
75 -6.788458 -0.8025313 -4.804819 2.7524078
78 -5.0570073 -0.27905408 -5.3651457 2.5253253
6 6.4545383 -0.9173098 -5.454256 0.9615427
79 -4.2682657 -0.12417157 -6.9523444 2.7646713
96 4.066124 -0.7391312 -7.306944 1.6115192
77 -5.756407 -0.5635364 -5.439779 2.7178907
74 -5.6425223 -0.26453137 -5.5083785 2.7011526
91 0.13583334 -0.1888714 -6.9370275 1.9321014
29 7.362692 6.1760488 2.1571279 -0.32117558
27 8.111612 5.187051 1.9262434 -0.5214667
21 8.871945 3.81675 2.5752728 -0.61232966
72 -7.3804717 -0.885288 -3.4076655 2.6256847
73 -6.460587 -0.5552449 -4.272872 2.4654448
90 0.29015565 0.06996832 -6.6492267 1.7792969
86 -1.6746167 -0.4285894 -7.892239 2.6969004
56 -8.285923 6.5807056 0.12545517 2.1591594
64 -9.784273 1.372593 -0.22532508 2.4712005
76 -5.2256255 -0.20776084 -5.1150994 2.4834445
99 6.383856 -0.5411205 -7.4152503 1.5401136
97 5.8049397 -0.35880655 -7.325891 1.5342869
8 8.2296295 -2.4404168 -3.8285012 0.725556
100 5.8571978 -0.38106778 -7.2866616 1.5181608
71 -9.065496 -0.45889166 -1.5847409 2.6069071
25 8.493138 3.680856 2.219795 -0.65196806
5 8.565726 -2.3303456 -4.0416293 0.6639745
70 -7.289395 -0.8240527 -3.3142126 2.4453728
69 -8.572233 0.237295 -0.75148004 2.2105093
28 8.358856 4.3019853 2.3006334 -0.54899985
62 -8.913317 4.79603 0.14773856 2.2014308
32 6.663365 7.2467136 0.50087905 -0.022473909
68 -9.068226 0.76225895 -0.25315452 2.2889957
84 -2.2569406 -0.6103443 -8.053561 2.703107
63 -8.330768 3.3720345 -0.14405183 2.037023
1 6.670201 -1.2367804 -6.8861923 1.4435574
2 6.468613 -0.48464966 -7.851927 1.7193208
59 -8.988253 4.996314 0.7373925 2.2029197
19 9.73515 1.156286 1.3386819 -0.6022074
67 -7.6919413 0.18742383 -1.3564476 2.1330938
16 8.990717 0.63671625 1.067671 -0.4750281
95 4.5276594 -0.03838869 -7.374948 1.6694613
65 -8.920405 1.1125872 0.35520208 2.101452
26 8.580837 3.7416518 3.0565174 -0.58054423
11 8.496369 -1.6007978 -1.431837 0.048065163
89 -0.85650593 -1.3739456 -8.002884 2.6333718
4 6.7279162 -1.4257358 -6.4289565 1.2941757
34 6.2012634 8.09689 0.22197048 0.17416131
45 0.46743312 8.528294 -3.348934 1.4102666
17 9.064017 0.31938243 1.1332521 -0.4956388
92 1.6659017 0.19578582 -7.6620693 1.9838865
23 7.9441895 2.1807723 2.5106668 -0.5825114
12 10.16715 -1.488161 -0.73742604 -0.026826235
43 0.13912642 7.89241 -3.422603 1.4461007
31 7.264025 5.6156464 2.8280096 -0.45883712
36 5.0860605 6.9773383 -0.5676755 0.23873165
66 -8.732036 1.0962266 0.22182754 2.2623963
93 1.6226856 -0.08127741 -7.5090423 1.8565195
58 -8.086642 4.9113812 1.1737107 1.9450719
60 -8.257316 5.4109526 0.823675 1.996889
7 7.999437 -2.2053175 -3.8020365 0.60703784
9 8.449633 -2.1816676 -2.07642 0.24519858
88 -1.4464686 -1.7277406 -7.296165 2.441365
61 -7.956961 5.1764846 1.1525955 1.8945292
39 2.024115 8.445725 -2.7249455 1.1194812
18 9.044363 -0.46466538 0.8451314 -0.3252588
40 3.4200408 7.6587358 -0.8772812 0.54758817
44 1.024702 8.249832 -2.6139593 1.279317
20 9.158147 -0.08951427 1.1377602 -0.5209819
35 4.920035 7.085864 -0.7540124 0.31008458
42 0.57954115 7.4637737 -2.654946 1.1259762
24 8.016291 3.7536824 3.5629966 -0.6936261
57 -6.6984634 7.751157 0.1368179 1.9770782
47 -0.16927437 8.362771 -3.4952178 1.5299115
87 -1.3903081 -1.6435547 -7.6514325 2.6600723
98 5.467953 0.5383896 -7.1128874 1.5204798
10 8.212751 -2.2709036 -1.7690544 0.24548212
3 6.416801 -0.3051889 -6.5602536 1.2461364
37 3.2497504 7.634557 -1.1223857 0.5924092
51 -3.3292372 8.291883 -1.4228963 1.539162
46 -0.25918135 7.926254 -3.629556 1.5941184
22 7.081749 3.019909 3.7533858 -0.69956005
48 -1.6988654 8.344423 -3.0719028 1.7443049
33 4.9532475 6.797898 0.4714173 0.13831098
54 -6.8387957 7.1129847 1.5152346 1.7308229
50 -3.334073 8.906312 -1.6875135 1.7513618
55 -6.811854 7.1780457 0.95869184 1.8444272
94 2.832036 -1.2202795 -6.6989474 1.5208536
52 -4.2469172 7.659947 -1.9094537 1.6707184
15 8.365435 -1.0492663 0.08456381 -0.14499682
13 8.807646 -2.246239 -0.17759515 -0.011391636
41 1.5585922 7.260383 -1.5009706 0.6772416
14 8.62676 -2.5712428 -0.38191995 0.08665953
38 3.0336962 7.45875 -0.7666409 0.58947843
30 5.166403 4.6061897 2.0508237 -0.3753525
53 -5.99914 8.1842375 1.7592293 1.6612316
49 -3.1086845 7.33626 -1.7876759 1.7403278
153 -3.2266736 5.528108 8.173459 0.3733699
151 -2.4456463 6.5711317 7.6666827 0.22712636
190 0.96816677 -9.164607 -3.0580502 2.5086153
159 -4.6888065 3.6162345 6.5480123 0.45279416
125 4.3161273 -2.43463 8.530577 -0.4875213
181 -4.876252 -7.5659337 0.6766162 2.498123
126 3.9334443 0.32617754 7.5496206 -0.8896588
157 -4.559884 2.7013688 6.5321765 0.44119504
193 1.3804709 -7.493899 -3.8458521 1.9378995
123 3.7433815 -2.8084686 7.33527 -0.49518165
194 2.2349336 -8.098841 -3.5649955 1.9221587
131 2.563294 0.72321546 9.049243 -0.44212773
152 -2.8880959 4.473048 7.9208183 0.33541805
156 -3.6760027 3.6891482 6.6764927 0.3792204
128 2.9044428 -0.98549646 9.060389 -0.32069936
127 2.9574988 -1.6342354 9.007961 -0.24373527
192 0.82357556 -7.859643 -2.4062111 2.1775548
185 -2.4893374 -6.5394526 -1.1370045 2.0775778
144 -0.4788063 6.064498 7.283974 -0.17043571
177 -4.424346 -6.364935 1.0500915 2.1021388
188 -0.610298 -6.7819114 -1.8918825 1.686602
155 -2.537624 3.2885497 7.4903336 0.24373633
122 3.8195899 -2.215676 6.4834847 -0.4586499
142 -0.54022896 5.2880187 7.511056 -0.09817836
182 -1.7400637 -6.7953587 -0.10448526 1.8303068
129 2.4390113 0.19259752 6.9381347 -0.6468811
146 -0.8140453 5.7522006 6.789688 0.0008171329
178 -3.7761781 -4.726343 -0.7534443 1.4606918
184 -1.8765285 -6.488297 -0.43429774 1.931413
183 -2.605288 -6.803586 0.69106144 1.9376303
186 -1.4030833 -5.910439 -2.017585 1.4586058
132 0.6432612 0.69914955 7.909024 -0.35265392
109 3.0995853 -6.8665605 2.532661 0.9617811
147 -0.25025365 5.2783995 6.674212 0.09670405
154 -2.3393598 3.1608262 6.367053 0.34446827
149 -1.77448 3.7848077 5.95634 -0.010944889
118 2.838807 -3.9741676 6.1072145 -0.014128837
158 -3.234888 2.151317 6.6669946 0.5552198
168 -5.1588464 -2.6747937 4.8918786 0.8992854
135 0.8792752 1.478899 7.7345734 -0.044145398
115 3.2682564 -3.2591197 3.8162277 -0.39508465
169 -5.0229535 -3.2720673 4.2392473 1.0329959
197 2.229353 -6.1102285 -2.7507899 1.4447367
160 -3.472517 1.170518 6.7574635 0.6187191
116 3.1447 -4.6888814 4.0603275 0.046876498
111 2.8623776 -5.7824264 2.4381344 0.5535983
180 -2.9030654 -5.8246727 1.1386663 1.8710916
124 2.79619 -1.8304169 6.0159564 -0.27484098
191 0.46818903 -6.10573 -1.5073276 1.8776134
104 2.5143948 -5.4672823 -1.5151212 0.96132725
130 1.788493 -0.27903408 7.303296 -0.120641395
145 -0.38682553 4.582677 6.530975 0.103246726
134 0.6456174 1.9055765 6.3996553 -0.2957922
138 0.044952016 3.2324164 5.715923 -0.20405939
143 -0.48625934 4.455262 7.0431385 0.03460662
170 -4.233703 -4.103854 4.715249 1.2044575
117 2.7326474 -4.073006 5.1914964 0.06103773
102 2.7199085 -5.0217338 -1.6886455 0.5629633
195 1.8337258 -5.256083 -2.2157958 1.2762605
176 -3.8167078 -5.3334017 2.4038224 1.5307676
148 -0.67808634 3.959889 6.512758 0.029496042
133 1.2169532 0.9140843 7.597415 -0.13822357
110 2.235012 -5.8423824 1.9191417 0.7225679
121 2.2517605 -3.1971285 5.6301537 0.20780392
187 -1.1719316 -5.2346306 -0.6086209 1.4552759
172 -3.6257546 -4.287757 3.2283633 1.1702111
179 -3.0884678 -4.391906 0.66580164 1.221227
120 2.649395 -3.170481 5.084972 -0.16947703
196 1.5112157 -5.633338 -1.5286702 1.4674225
114 3.0161057 -3.4460173 3.0857365 -0.06689673
141 0.024836289 3.6940897 5.2550797 -0.08676414
107 2.5584407 -5.260866 -0.58400416 0.64500767
140 -0.09595613 3.809801 4.717963 -0.0037888486
173 -3.4945076 -4.0959096 2.2473264 1.2076552
112 2.4390714 -5.279183 2.482671 0.43297714
108 2.086164 -5.5657916 1.1368204 0.7255562
150 -1.3233272 2.9626515 6.021861 0.17848267
113 1.9533954 -5.012905 2.72716 0.50565517
139 0.32535437 3.5443616 4.341438 -0.22497402
136 0.785383 1.8339598 5.777565 -0.16576901
119 2.763035 -2.095366 3.6892982 -0.5297488
106 1.8043759 -5.659886 0.6901398 0.769366
101 1.9760305 -4.4582415 -1.7906936 0.80858165
189 -0.31737748 -4.897567 -0.30740348 1.3146276
171 -3.8554509 -3.0816126 3.9089053 0.99305576
167 -3.4037848 -2.47938 4.779069 0.8113876
137 0.6073292 2.43585 4.2495728 -0.31260973
198 1.4322067 -5.024981 -0.9681393 1.4145911
174 -2.8635726 -3.463766 0.7091737 1.0375103
199 1.5949975 -4.1435437 -1.9371926 0.96452737
103 2.166848 -4.534576 -1.2107947 1.0259634
165 -3.0667896 -1.1485757 5.2749605 0.49954447
166 -3.3842182 -2.0133152 4.2299943 0.596972
164 -2.912604 -0.6754125 4.5035424 0.15486842
162 -2.4490628 -0.20452708 4.6416574 0.17328434
278 -2.009369 -3.7213366 1.2858012 0.82877356
293 0.34092054 -4.5909653 -0.6090846 1.0327796
161 -2.3336587 -0.12751701 4.7281313 0.16930324
105 1.6436831 -4.4919157 0.64130354 0.7677509
200 1.5337465 -3.9215763 -0.9026617 0.80567247
283 -1.4782153 -3.9208138 1.2506123 0.92524856
226 1.2449863 -1.0309724 4.256142 -0.11094459
163 -2.5192242 -0.8709132 4.588315 0.35164404
175 -2.1874382 -2.5830562 1.0982289 0.45810714
228 0.76833034 -0.69938445 3.8144586 -0.28718194
280 -1.7824205 -3.2780952 1.2268099 0.9095468
216 1.4842954 -2.6115282 3.4418447 0.11113297
209 1.46759 -3.893411 2.4394524 0.46720716
282 -1.4700383 -2.8106403 1.2625839 0.62223864
218 1.1291841 -2.394602 3.917543 0.05402088
290 -0.086846046 -3.6875546 0.48524475 0.834202
208 1.0091319 -3.5972168 2.4461288 0.45659474
223 0.9860522 -1.2538192 3.7312572 0.11426366
230 0.9497669 0.09610152 3.3715827 -0.27192804
289 -0.43140113 -3.5542867 1.203997 0.8055002
277 -1.823406 -3.0695152 1.9456066 0.69023144
300 0.40554732 -3.2129602 -0.266285 0.6082274
265 -1.9801819 -1.3087562 3.1669323 0.18845068
281 -1.3060725 -3.0463045 1.5576787 0.6276197
241 -0.52560616 1.2237912 2.947713 -0.11962233
279 -1.3113819 -2.3502324 1.5236775 0.59455216
299 0.45158154 -2.8995807 0.09606981 0.6198375
220 1.044784 -2.1702175 2.8199275 0.12966056
284 -0.78569674 -2.8979867 1.5669651 0.7265344
207 0.977334 -2.3259444 1.2053233 0.21983115
295 0.3570658 -3.2880037 0.5138437 0.8876394
206 0.6876025 -3.0017245 0.7865473 0.31504774
286 -0.46445596 -2.7884643 0.7523323 0.6719959
287 -0.44593725 -2.9916933 0.83882374 0.57347804
215 0.8257771 -2.4507852 2.4318297 0.18857698
288 -0.34163824 -2.900669 0.7457297 0.6365252
204 0.99499685 -2.63465 0.97588366 0.46727064
260 -1.5515075 0.051046822 2.6435118 0.23183548
275 -1.0660243 -1.8329537 1.7367921 0.52436674
210 0.95228136 -2.1195853 1.6724337 0.0301548
227 0.3913225 -0.84652 3.1133654 0.1290901
276 -1.2395108 -1.6167475 1.6379616 0.59662247
274 -1.1057894 -1.4179437 1.9914246 0.36383343
224 0.5302459 -0.7573403 3.2548442 -0.31859532
214 0.57792395 -2.0075853 2.0550904 0.14541806
211 0.5073015 -2.2804642 2.08314 0.2532722
236 -0.05611465 0.02130894 2.572993 -0.042688783
297 0.08674446 -2.523487 0.472169 0.5891223
273 -1.3317692 -1.9821523 1.8734581 0.34138006
296 0.1598022 -2.2734826 0.2993037 0.5343866
231 0.28597903 0.12455208 2.8516092 0.10522188
229 0.6072381 -0.56704897 2.1774874 -0.2272501
285 -0.34261027 -2.2958012 0.44691864 0.6303402
235 0.034213495 0.46795887 2.8692818 0.0650883
291 -0.42020842 -2.2452703 0.72987205 0.50358737
294 -0.045159396 -2.6868398 1.0368165 0.54244286
292 -0.22576123 -2.4078 0.27672532 0.6984834
233 0.10667355 0.07710513 2.7722058 0.046487175
272 -0.8337762 -1.81893 1.5638629 0.53223115
201 0.46732187 -2.166444 0.57292765 0.44828257
222 0.29771695 -1.4632459 3.079439 0.40964326
263 -1.0511162 -0.7749243 2.8153286 0.59461874
259 -0.94315326 -0.22370555 2.3307536 0.21759367
202 0.5892742 -1.9602599 0.5431269 0.28844553
262 -0.9224571 -0.61418396 2.5976608 0.2805287
244 -0.30940485 1.0415508 2.132254 0.19673344
219 0.5839573 -1.2859411 2.0459023 -0.18710496
221 0.078887016 -1.3410244 2.3595705 0.01976456
239 -0.21798816 0.4278844 2.4959362 0.30463505
232 -0.11185766 0.10546525 2.4761946 0.09581609
298 0.106483735 -1.9456275 0.22887345 0.41174075
245 -0.50724417 0.6905928 2.1069493 0.27717733
269 -0.8628175 -1.3251582 1.7552102 0.3519514
217 0.4714083 -1.4719257 1.6491811 0.35775802
250 -0.35738236 0.110519975 2.1491373 0.22971547
213 0.49049515 -1.4363039 1.3942717 0.20425701
240 -0.45941937 0.41643715 2.457486 0.13920107
212 0.45081988 -1.4535099 2.2827659 0.29097992
255 -0.69150627 0.22537754 2.055922 0.29693928
271 -0.620539 -1.342195 1.784197 0.33366412
261 -0.6592784 0.02803921 2.2704647 0.18858501
225 0.4101692 -0.9792048 2.1250207 0.24920137
237 -0.04255942 0.07700599 2.129294 0.2326005
267 -1.0735036 -0.81740683 2.2938128 0.4422288
205 0.29544583 -1.8919982 1.4400616 0.39207888
266 -0.81919026 -0.8575506 1.6189015 0.11883764
257 -1.0016632 -0.38647264 2.074988 0.48755062
264 -0.760536 -0.7578194 2.1931956 0.27720687
251 -0.5446208 -0.073391676 2.1936579 0.17770104
248 -0.46024936 0.45101714 2.0311816 0.17837858
242 -0.37765405 0.45489463 1.9104038 0.40073875
270 -0.93358195 -1.2132045 1.9309777 0.43644977
247 -0.3615918 0.61442024 2.1507437 0.34745893
243 0.13804601 0.6505442 1.560005 -0.016747618
238 -0.15200517 0.11934158 2.0509021 0.25252035
253 -0.11523707 0.18381457 2.1783109 0.12393264
268 -0.97312313 -0.7846196 1.956926 0.6379294
246 -0.49494395 0.35057163 1.676951 0.38211033
203 0.3927819 -1.3152498 0.5976732 0.5026869
254 -0.55582213 0.026380453 1.9077528 0.21820045
249 -0.27844596 0.29907185 1.8299097 0.28376564
258 -0.48838493 -0.311536 1.8740438 0.04956108
256 -0.19193941 0.122494414 1.763531 0.19853944
252 -0.5252317 0.40166953 1.6413326 0.0033533298
234 -0.24000698 0.13591112 1.1770873 0.35910657
