300 2
85 -0.21276815 -2.1910396
82 -0.3667276 -2.7723215
80 -0.19936049 -2.1490943
83 -0.38820177 -2.8009155
81 -0.25651923 -2.4193668
75 -0.7726117 -4.509308
78 -0.6167186 -3.7184176
6 1.0920631 0.9181524
96 0.5034556 0.14115131
77 -0.66990304 -3.8881323
79 -0.4046815 -3.0138366
74 -0.56138575 -3.6012027
29 4.9097238 5.6855474
91 0.30530292 -0.73923004
21 6.755808 7.786397
90 0.11050171 -0.78869253
72 -0.96910566 -5.300425
27 5.2578683 6.1447377
73 -0.81518054 -4.303844
64 -1.9677806 -10.034034
86 -0.036059715 -1.7574544
56 -1.3665367 -7.079211
99 0.99491966 0.5934908
100 1.130848 0.7491847
97 0.97697765 0.6242219
70 -1.0597839 -5.4504747
76 -0.57766 -3.6536891
8 2.127315 2.3490407
71 -1.5246419 -8.011582
25 7.386509 8.7044325
69 -1.6357102 -8.519799
5 2.146957 2.3245509
32 3.0014856 3.4160237
68 -1.9420885 -10.199974
63 -1.9237843 -10.066659
28 6.127247 7.225867
62 -2.1712914 -11.246794
1 1.298372 1.0568722
59 -1.9334643 -10.541791
67 -1.3841419 -7.4449387
16 6.2166777 7.3650713
2 1.0993 0.69849116
84 0.028446041 -1.6680211
65 -1.9997132 -10.429694
95 0.7785836 0.29348928
19 6.751386 7.8764753
45 0.9392968 0.25335342
26 6.747668 7.8341064
4 1.3625784 1.0897981
11 3.0871048 3.683218
34 2.8372424 3.0727458
89 0.06471535 -1.5255989
43 0.7804106 0.09376885
17 6.2981434 7.31199
66 -1.8412888 -9.848237
12 4.813797 5.562695
92 0.4366415 -0.268606
36 2.4008367 2.54131
44 1.2522161 0.72361153
23 6.6523185 7.867983
93 0.40979633 -0.34971598
31 5.129128 5.9233675
61 -1.9862163 -10.680769
39 0.9921505 0.57858527
58 -1.7638886 -9.361891
40 1.6764755 1.5876117
9 2.907771 3.3612082
60 -1.6171294 -8.475301
88 -0.08670592 -1.6439067
20 5.681649 6.7196517
18 5.6915402 6.767901
42 1.04562 0.59204245
35 2.1009183 2.2546823
7 1.9724419 2.0837355
47 0.7150994 0.09540824
57 -0.5102224 -4.0705953
24 6.72439 7.8428535
46 0.81238866 0.26017022
10 3.2043588 3.7245083
3 1.215082 1.0081804
98 0.84108514 0.31575203
37 1.5633434 1.4438431
87 0.074429974 -1.5139114
51 -0.03304735 -0.9902713
48 0.6198856 -0.36194864
33 2.222308 2.4313583
22 6.365723 7.525387
50 0.32417244 -0.78123754
41 1.170213 0.8527543
54 -0.6682421 -4.1601763
15 3.8136106 4.528757
55 -1.3853022 -8.122566
13 4.6468496 5.421141
14 4.545776 5.312173
94 0.731528 0.099609606
52 -0.17068781 -1.1932126
38 1.7821349 1.6562183
53 -0.61239403 -4.613497
30 3.3077738 3.8470254
49 0.45050818 -1.2342774
144 0.6158482 -0.38703674
151 0.0299824 -2.124098
177 0.13371111 -2.0789366
181 0.0894739 -2.1787775
153 -0.28915983 -3.2801433
131 2.4074085 2.2932696
190 0.66466135 -0.46074352
123 2.953164 2.993824
142 0.7036947 -0.3041173
159 -0.88092035 -5.5472794
185 0.44443637 -1.1828562
152 -0.4968578 -4.1119986
126 2.7920535 2.7370412
194 0.7783849 -0.18847111
128 2.7515688 2.4963582
125 2.8816469 2.8866665
157 -0.82841545 -5.615977
147 0.55492175 -0.97279435
156 -0.6925618 -5.247798
193 0.89237934 -0.045515805
143 0.56538284 -0.7235333
127 2.8725355 2.824723
180 0.2035889 -2.0445042
146 0.60362715 -0.48382917
148 0.3710766 -1.2569274
122 3.2497606 3.3761861
145 0.5312955 -1.0474735
129 2.4206645 2.3906953
184 0.48822373 -1.0902276
178 -0.13217525 -2.6330826
182 0.5330831 -1.1511098
186 0.42690006 -1.0511881
158 -0.53447384 -4.903211
109 1.9434805 1.4626119
183 0.3414762 -1.5716157
130 2.3156435 2.1725392
115 2.7813134 2.964934
149 0.1150825 -1.8897674
155 -0.2164306 -4.199047
169 -0.68891305 -4.786509
150 0.08346253 -2.4441638
104 1.2151476 0.63669646
168 -0.8185959 -5.251273
138 1.1756417 0.49922377
118 2.788495 2.6739678
188 0.4483912 -0.7637835
141 0.80831796 0.10629952
192 0.828855 -0.41757587
116 2.528085 2.334348
160 -0.63074887 -5.4019685
176 0.075131014 -2.5362883
133 1.6282631 1.2141945
114 2.106928 2.2790031
154 -0.13733307 -3.3901546
117 2.7674336 2.7532716
132 1.6683881 1.2979363
179 0.012810667 -2.3087807
140 1.045728 0.06797974
111 1.7869587 1.2993217
102 1.184167 0.73372567
124 2.6542883 2.48429
101 1.2387859 0.66468054
187 0.66194975 -0.6004253
174 -0.30706152 -2.9959967
134 1.532779 1.1694552
107 1.2826047 0.92210484
139 1.0006541 0.14044051
167 -0.4070964 -4.171729
165 -0.46552935 -4.5055575
108 1.8965393 1.4985788
172 -0.13955225 -2.9990995
173 -0.09335788 -3.0584755
120 2.6728165 2.655092
197 1.0397247 0.39786592
171 -0.3368176 -3.8725286
191 0.8555115 -0.27094555
121 2.492053 2.2288897
196 0.9537001 0.21281107
110 1.8141549 1.4203243
170 -0.14403816 -3.3261342
137 1.5221405 1.1006274
189 0.55312055 -0.82077473
106 1.2580646 0.63460493
195 1.0456054 0.22483654
135 1.3750064 0.75256884
112 1.5644068 1.1620301
113 1.8403357 1.445117
199 1.1712025 0.50205755
136 1.4875349 0.86544025
119 2.0271626 2.17368
166 -0.37125227 -3.504406
293 0.6741419 -0.2277606
200 1.1778764 0.5759446
161 -0.20718825 -3.6420462
198 0.9898896 0.24985607
162 -0.30722487 -3.7048492
226 1.7432061 1.4176577
105 1.288767 0.58544517
103 0.8776196 0.29795754
163 -0.14838012 -3.2424238
175 0.11239157 -2.322347
164 -0.32186213 -3.2501178
278 0.2405753 -1.4681894
283 0.42766875 -0.99242926
209 1.5070219 1.0766755
282 0.2837702 -1.2422746
290 0.62189364 -0.6072546
228 1.3540334 1.0495782
280 0.3846502 -0.9507851
218 1.6748865 1.3444438
230 1.280221 0.8421623
275 0.16129555 -1.2854494
208 1.2645283 0.7461165
289 0.5328473 -0.69682384
265 0.09570415 -1.9091536
273 0.22343896 -1.5114542
260 0.06229086 -1.711629
281 0.3175571 -1.1526695
279 0.21689415 -1.4086027
211 1.3220617 0.643343
277 0.2681797 -1.3887653
210 1.4702048 0.8289459
300 0.8507633 0.013532433
223 1.3911448 0.9588404
284 0.53726643 -1.1494281
259 -0.02817488 -1.763858
241 0.60410655 -0.3598946
214 1.0464741 0.44474924
207 0.9033989 0.32452738
222 1.0031935 0.59710616
216 1.1591693 0.821709
288 0.7090207 -0.56814706
295 0.7242022 -0.32444477
206 1.4774065 0.7432913
291 0.7239459 -0.34115174
274 0.44240436 -0.9424425
285 0.7476004 -0.563647
204 1.0248034 0.34290835
245 0.6737423 -0.36668396
294 0.8198535 -0.5522554
299 0.64185697 -0.33383757
262 0.301058 -1.5948572
236 0.770485 -0.09598479
215 1.0405499 0.70959944
272 0.6320895 -1.1374947
271 0.36520216 -1.3076655
232 0.91485244 0.25671837
286 0.601949 -0.7451086
227 1.4505086 0.89571846
212 1.2234136 0.5980465
270 0.34757394 -1.0504133
235 0.7581157 0.104383014
261 0.05032881 -1.3603652
240 0.88367885 -0.02577989
224 0.86753815 0.23638916
201 0.8153485 0.07272536
276 0.19192663 -1.6141428
263 0.14758314 -1.4669502
297 0.6200544 -0.26932433
202 0.9782484 0.19285183
220 0.83598053 0.21146807
287 0.8046532 -0.30528408
264 0.18362135 -1.6977843
213 1.0572948 0.37833717
229 1.1436181 0.6191882
292 0.57151294 -0.7398532
254 0.16208766 -1.4339464
296 0.8739899 0.043252207
269 0.19353124 -1.0138516
257 0.19566931 -1.2639328
225 0.99871457 0.28477755
244 0.5236744 -0.5685454
203 1.0821949 -0.019884309
233 0.93492776 -0.060019225
255 0.444235 -1.0288185
267 0.3839322 -1.375975
252 0.8069512 -0.20610356
205 0.89811474 0.07509664
219 0.97066253 0.40747193
251 0.3621722 -1.193576
268 0.34706828 -0.9499608
217 1.0366673 0.33315897
234 0.9739767 0.1576503
249 0.8628723 -0.52274555
246 0.4153848 -1.0354676
237 0.9954146 0.17696004
258 0.56660676 -0.58316237
242 0.99411404 0.014409785
231 0.82294595 -0.11710166
248 0.42408314 -0.47541282
266 0.06529618 -1.2725624
238 0.89582664 -0.402562
250 0.667878 -1.0184084
256 0.58015037 -0.43168595
247 0.66463935 -0.33275503
239 1.004199 0.40579313
253 0.466082 -0.969349
221 1.1008018 0.5410714
298 0.745397 -0.47319913
243 0.7528797 -0.5280623
